0.19
0.24
0.24
0.3
0.31
0.35
0.36
0.4
0.4
0.45
0.45
0.49
0.5
0.53
0.55
0.58
0.61
0.63
0.66
0.67
0.7
0.71
0.73
0.76
0.77
0.8
0.81
0.81
0.86
0.86
0.9
0.92
0.94
0.97
0.98
1.02
1.02
1.04
1.07
1.08
1.11
1.13
1.15
1.17
1.19
1.21
1.21
1.22
1.24
1.28
1.28
1.3
1.33
1.33
1.35
1.38
1.38
1.42
1.43
1.44
1.44
1.46
1.48
1.48
1.51
1.52
1.55
1.55
1.56
1.59
1.59
1.6
1.61
1.64
1.65
1.66
1.69
1.73
1.73
1.74
1.77
1.79
1.8
1.83
1.84
1.84
1.84
1.87
1.89
1.91
1.93
1.95
1.96
1.96
1.97
2.01
2.01
2.04
2.05
2.05
2.05
2.06
2.1
2.1
2.11
2.14
2.15
2.15
2.17
2.18
2.2
2.22
2.22
2.24
2.26
2.26
2.27
2.27
2.28
2.31
2.31
2.32
2.35
2.36
2.36
2.37
2.37
2.37
2.38
2.41
2.42
2.41
2.42
2.42
2.42
2.44
2.45
2.45
2.46
2.46
2.47
2.49
2.51
2.51
2.51
2.53
2.54
2.55
2.55
2.57
2.57
2.57
2.57
2.58
2.58
2.59
2.59
2.62
2.59
2.58
2.58
2.57
2.57
2.55
2.55
2.53
2.53
2.53
2.51
2.51
2.51
2.5
2.51
2.49
2.49
2.49
2.49
2.47
2.47
2.47
2.47
2.47
2.47
2.47
2.47
2.47
2.47
2.47
2.47
2.46
2.47
2.47
2.47
2.46
2.45
2.45
2.42
2.42
2.41
2.41
2.41
2.38
2.38
2.37
2.37
2.37
2.37
2.37
2.37
2.37
2.36
2.37
2.36
2.36
2.35
2.35
2.35
2.35
2.35
2.32
2.32
2.32
2.31
2.31
2.31
2.31
2.31
2.31
2.31
2.31
2.31
2.31
2.31
2.31
2.28
2.28
2.28
2.28
2.28
2.28
2.28
2.27
